58,4;72,49;0
44,6;72,49;0
44,6;58,4;0;20
20,47;8,79;0
20,47;52,75;0
58,4;37,39;0;2,7
52,75;72,49;0
72,49;58,4;0
20,47;82,65;0
58,4;20,47;0
58,4;8,79;0
20,47;8,79;0
52,75;8,79;0
52,75;8,79;0
20,47;58,4;0
44,6;8,79;0
37,39;8,79;0
8,79;52,75;0;11
82,65;52,75;0
37,39;72,49;0;5
37,39;44,6;0;45
37,39;8,79;0
52,75;8,79;0
37,39;82,65;0
82,65;37,39;0
8,79;52,75;0;11
82,65;20,47;0
20,47;72,49;0
58,4;72,49;0
58,4;82,65;0
52,75;37,39;0;4,17,18,25
72,49;37,39;0
82,65;8,79;0
44,6;8,79;0
44,6;20,47;0
44,6;52,75;0
8,79;72,49;0;11
44,6;8,79;0
37,39;44,6;0;30
8,79;44,6;0;11
44,6;72,49;0
8,79;58,4;0
58,4;44,6;0
58,4;72,49;0
82,65;52,75;0
20,47;37,39;0
52,75;72,49;0
72,49;82,65;0
58,4;52,75;0;2,7
8,79;20,47;0
20,20;80,40;10
20,20;80,40;10
20,20;80,40;10
20,20;80,40;10
20,20;80,40;10
20,20;80,40;10
20,20;80,40;10
20,20;80,40;10
20,20;80,40;10
20,20;80,40;10
20,20;80,40;10
20,20;80,40;10
20,20;80,40;10
20,20;80,40;10
20,20;80,40;10
20,20;80,40;10
20,20;80,40;10
20,20;80,40;10
20,20;80,40;10
20,20;80,40;10
80,40;20,20;0;50
80,40;20,20;0;51
80,40;20,20;0;52
80,40;20,20;0;53
80,40;20,20;0;54
80,40;20,20;0;55
80,40;20,20;0;56
80,40;20,20;0;57
80,40;20,20;0;58
80,40;20,20;0;59
80,40;20,20;0;60
80,40;20,20;0;61
80,40;20,20;0;62
80,40;20,20;0;63
80,40;20,20;0;64
80,40;20,20;0;65
80,40;20,20;0;66
80,40;20,20;0;67
80,40;20,20;0;68
80,40;20,20;0;69
80,39;44,6;10
80,39;58,4;10;95
80,39;37,39;10
80,39;20,47;10
80,39;72,49;10;96
72,49;80,39;10;94
44,6;80,39;10